# Balayage frequentiel - filtre passe-bas RC - fc = 120 Hz (pas d'en-tete: colonnes Y1=gain_dB, Y2=phase_deg)
10.00 0.071 -4.727
10.80 -0.012 -5.533
11.66 -0.066 -4.923
12.59 -0.078 -6.073
13.59 -0.129 -6.069
14.68 -0.193 -6.518
15.85 -0.216 -8.053
17.11 -0.057 -8.051
18.48 -0.057 -8.223
19.95 -0.180 -9.219
21.54 -0.274 -9.549
23.26 -0.065 -10.703
25.12 -0.158 -12.215
27.12 -0.265 -12.485
29.29 -0.254 -13.653
31.62 -0.496 -14.673
34.15 -0.442 -16.425
36.87 -0.415 -18.008
39.81 -0.349 -17.928
42.99 -0.532 -20.206
46.42 -0.747 -21.222
50.12 -1.062 -22.578
54.12 -0.704 -24.430
58.43 -0.998 -25.873
63.10 -1.007 -27.188
68.13 -1.211 -29.930
73.56 -1.455 -31.419
79.43 -1.345 -33.662
85.77 -1.950 -35.990
92.61 -2.344 -37.495
100.00 -2.494 -40.422
107.98 -2.872 -42.540
116.59 -2.802 -44.830
125.89 -3.486 -46.284
135.94 -3.637 -48.347
146.78 -3.862 -50.737
158.49 -4.579 -52.931
171.13 -4.745 -55.253
184.78 -5.493 -56.449
199.53 -5.820 -59.181
215.44 -6.254 -60.367
232.63 -6.735 -62.880
251.19 -7.207 -63.391
271.23 -7.651 -65.797
292.86 -8.592 -65.843
316.23 -9.180 -69.405
341.45 -9.694 -69.823
368.69 -10.124 -72.685
398.11 -10.754 -72.952
429.87 -11.457 -75.013
464.16 -12.139 -75.723
501.19 -12.655 -76.795
541.17 -13.181 -77.972
584.34 -14.189 -78.765
630.96 -14.368 -79.518
681.29 -14.865 -79.765
735.64 -16.038 -81.152
794.33 -16.478 -81.998
857.70 -16.811 -82.531
926.12 -17.720 -81.887
1000.00 -18.495 -83.655
1079.78 -19.177 -83.477
1165.91 -19.664 -84.095
1258.93 -20.666 -84.534
1359.36 -21.218 -86.047
1467.80 -21.883 -86.042
1584.89 -22.353 -84.698
1711.33 -22.826 -86.276
1847.85 -23.838 -85.940
1995.26 -24.273 -86.768
2154.43 -25.118 -85.709
2326.31 -25.777 -87.290
2511.89 -26.408 -86.975
2712.27 -27.245 -87.591
2928.64 -27.932 -87.793
3162.28 -28.141 -87.456
3414.55 -29.102 -88.454
3686.95 -29.801 -87.610
3981.07 -30.505 -87.548
4298.66 -31.292 -88.546
4641.59 -31.491 -89.523
5011.87 -32.241 -89.554
5411.70 -33.099 -88.816
5843.41 -33.628 -90.401
6309.57 -34.706 -89.193
6812.92 -35.079 -89.438
7356.42 -35.784 -89.659
7943.28 -36.478 -89.558
8576.96 -37.047 -88.908
9261.19 -37.535 -89.586
10000.00 -38.465 -89.289
